timestamp: 20260113_012557
start_energy_j: 103993.006787
end_energy_j: 123248.79819
duration_sec: 600
avg_power_w: 32.09298567166666
