timestamp: 20260114_040604
start_energy_j: 112090.13828
end_energy_j: 131862.680069
duration_sec: 600
avg_power_w: 32.954236314999996
