timestamp: 20260114_102539
start_energy_j: 184033.731265
end_energy_j: 206154.07936
duration_sec: 600
avg_power_w: 36.86724682499999
